,City,Lat,Lng,Max Temp,Humidity,Cloudiness,Wind Speed,Country,Date
0,Qaanaaq,77.48,-69.36,46.78,54,100,2.91,GL,1595877175
1,Tucuma,-0.18,-50.05,88.93,57,33,6.58,BR,1595877175
2,Tasiilaq,65.61,-37.64,48.2,70,75,13.87,GL,1595877175
3,Karratha,-20.74,116.85,65.55,28,96,9.06,AU,1595877175
4,Punta arenas,-53.15,-70.92,41.0,56,40,19.46,CL,1595877063
5,Cayenne,4.93,-52.33,78.8,88,1,1.12,GF,1595877176
6,Paamiut,61.99,-49.67,46.92,86,100,3.18,GL,1595877176
7,Hobart,-42.88,147.33,44.6,93,90,5.82,AU,1595877157
8,Butaritari,3.07,172.79,82.51,79,10,11.45,KI,1595877177
9,Hermanus,-34.42,19.23,53.82,81,0,9.48,ZA,1595877177
10,Akyab,20.15,92.9,81.99,83,100,2.21,MM,1595877177
11,Rikitea,-23.12,-134.97,71.6,74,100,13.85,PF,1595877177
12,New norfolk,-42.78,147.06,44.01,91,100,2.26,AU,1595877178
13,Pincher creek,49.48,-113.95,75.99,43,1,2.24,CA,1595877178
14,Yellowknife,62.46,-114.35,71.01,60,75,13.87,CA,1595877178
15,Ribeira grande,38.52,-28.7,78.8,78,40,8.05,PT,1595877179
16,Arraial do cabo,-22.97,-42.03,82.4,61,0,16.11,BR,1595877179
17,Pascagoula,30.37,-88.56,78.8,100,90,5.7,US,1595877179
18,Ferme-neuve,46.7,-75.45,76.08,92,56,5.46,CA,1595877179
19,Giyani,-23.3,30.72,56.64,89,3,9.73,ZA,1595877180
20,Booue,-0.09,11.94,76.39,75,9,4.65,GA,1595877180
21,Hilo,19.73,-155.09,78.8,74,90,3.36,US,1595877180
22,Narsaq,60.92,-46.05,55.4,62,75,6.93,GL,1595877180
23,Sao joao da barra,-21.64,-41.05,78.8,61,0,18.34,BR,1595877181
24,Georgetown,-7.93,-14.42,75.4,69,1,13.91,SH,1595877181
25,Kattivakkam,13.22,80.32,86.0,74,40,7.18,IN,1595877181
26,Kaitangata,-46.28,169.85,45.0,67,98,1.99,NZ,1595877182
27,Vaini,-21.2,-175.2,69.8,88,40,11.41,TO,1595877182
28,Pevek,69.7,170.31,34.93,87,0,9.91,RU,1595877182
29,Rabo de peixe,37.8,-25.58,73.4,88,40,8.05,PT,1595877182
30,Hasaki,35.73,140.83,77.0,88,75,9.17,JP,1595877183
31,Grindavik,63.84,-22.43,50.0,76,0,25.28,IS,1595877183
32,Nome,64.5,-165.41,50.0,93,90,12.75,US,1595877183
33,San patricio,19.22,-104.7,89.6,66,75,5.82,MX,1595877183
34,Quesnel,53.0,-122.5,75.2,53,1,4.7,CA,1595877183
35,Lavrentiya,65.58,-171.0,52.79,82,0,11.63,RU,1595877184
36,Coquimbo,-29.95,-71.34,60.8,59,0,13.87,CL,1595877184
37,Saldanha,-33.01,17.94,50.0,66,0,4.7,ZA,1595877184
38,Mattru,7.62,-11.83,74.07,88,98,4.65,SL,1595877184
39,Berlevag,70.86,29.09,62.49,67,0,11.63,NO,1595877185
40,Clyde river,70.47,-68.59,42.8,93,75,11.41,CA,1595877185
41,Ahipara,-35.17,173.17,52.07,79,100,7.23,NZ,1595877185
42,Hithadhoo,-0.6,73.08,82.51,76,100,9.95,MV,1595877185
43,Cape town,-33.93,18.42,57.2,82,0,8.05,ZA,1595877134
44,Ixtapa,20.7,-105.2,84.99,78,90,4.7,MX,1595877186
45,Raahe,64.68,24.48,68.0,68,100,3.36,FI,1595877186
46,Coahuayana,18.73,-103.68,80.6,69,40,5.17,MX,1595877187
47,Elk plain,47.05,-122.4,87.8,33,1,2.73,US,1595877187
48,Paramonga,-10.67,-77.83,66.16,67,16,11.86,PE,1595877187
49,Bluff,-46.6,168.33,39.0,83,100,3.0,NZ,1595877188
50,Puerto ayora,-0.74,-90.35,68.0,94,60,5.99,EC,1595876937
51,San miguelito,11.4,-84.9,83.14,79,100,8.99,NI,1595877188
52,Atuona,-9.8,-139.03,79.59,70,1,27.0,PF,1595877188
53,Avarua,-21.21,-159.78,69.8,88,100,8.05,CK,1595877189
54,Swedru,5.54,-0.7,77.0,83,12,18.34,GH,1595877189
55,Barrow,71.29,-156.79,39.2,86,90,18.34,US,1595877189
56,Thompson,55.74,-97.86,57.2,93,90,11.41,CA,1595877189
57,Mar del plata,-38.0,-57.56,48.99,65,40,12.75,AR,1595877066
58,Rio grande,-32.03,-52.1,60.8,72,51,3.36,BR,1595877032
59,Jizan,17.33,42.67,80.6,83,75,11.41,SA,1595877190
60,Komsomolskiy,43.98,46.7,71.89,64,0,5.79,RU,1595877191
61,Port alfred,-33.59,26.89,57.51,72,0,16.33,ZA,1595877191
62,Henties bay,-22.12,14.28,62.01,82,0,9.06,NA,1595877191
63,Ushuaia,-54.8,-68.3,35.6,90,75,27.51,AR,1595877084
64,Vallenar,-28.57,-70.76,78.76,17,0,5.28,CL,1595877192
65,Longyearbyen,78.22,15.64,66.2,48,0,6.93,SJ,1595877122
66,Tiksi,71.69,128.87,40.46,87,100,9.84,RU,1595877192
67,Wanning,18.8,110.4,82.18,86,93,10.98,CN,1595877192
68,Sakakah,29.97,40.21,105.8,11,20,8.05,SA,1595877193
69,Bathsheba,13.22,-59.52,89.6,62,40,18.34,BB,1595877193
70,Marsa matruh,31.35,27.25,78.8,83,0,11.41,EG,1595877193
71,Saint-pierre,46.77,-56.17,69.8,77,40,6.93,PM,1595877193
72,Port elizabeth,-33.92,25.57,59.0,67,0,12.75,ZA,1595877194
73,Albany,-35.02,117.89,51.8,93,14,9.17,AU,1595877194
74,Guerrero negro,27.98,-114.06,77.5,56,3,15.21,MX,1595877194
75,Saskylakh,71.92,114.08,40.78,83,100,5.19,RU,1595877194
76,Buchanan,5.88,-10.05,75.2,94,75,10.98,LR,1595877195
77,Kultuk,51.72,103.7,58.19,83,15,4.63,RU,1595877195
78,Yantal,56.85,105.25,58.08,85,28,2.55,RU,1595877195
79,Torbay,47.67,-52.73,64.0,100,90,5.82,CA,1595877195
80,Alofi,-19.06,-169.92,73.4,78,75,12.75,NU,1595877196
81,Kapaa,22.08,-159.32,80.6,94,90,19.46,US,1595877196
82,Lewisville,33.05,-96.99,91.99,66,75,5.82,US,1595877145
83,Tuktoyaktuk,69.45,-133.04,64.4,63,75,9.17,CA,1595877196
84,Turukhansk,65.82,87.98,50.85,67,31,13.65,RU,1595877197
85,Cap malheureux,-19.98,57.61,69.01,79,0,1.99,MU,1595877197
86,Nassau,25.06,-77.34,87.8,66,20,13.87,BS,1595877030
87,Upernavik,72.79,-56.15,44.78,80,0,5.48,GL,1595877197
88,Marshall,34.38,-86.33,90.0,49,40,8.05,US,1595877198
89,Kailua,21.4,-157.74,79.0,83,90,13.87,US,1595877122
90,Gafargaon,24.43,90.57,86.0,74,75,8.12,BD,1595877198
91,Khatanga,71.97,102.5,41.2,78,0,5.82,RU,1595877198
92,Weyburn,49.67,-103.85,75.99,46,0,11.01,CA,1595877198
93,Ponta do sol,17.2,-25.09,82.4,58,75,23.04,CV,1595877199
94,Nikolskoye,59.7,30.79,68.0,52,77,8.95,RU,1595877199
95,Norman wells,65.28,-126.83,66.2,68,20,8.05,CA,1595876971
96,Busselton,-33.65,115.33,48.99,98,0,7.94,AU,1595877199
97,Luderitz,-26.65,15.16,60.8,77,0,5.82,NA,1595877200
98,La ronge,55.1,-105.28,75.2,47,20,12.75,CA,1595877200
99,Severo-kurilsk,50.68,156.12,51.67,91,100,18.21,RU,1595877200
100,Cabedelo,-6.98,-34.83,80.6,69,40,5.82,BR,1595877079
101,Olive branch,34.96,-89.83,91.4,52,40,9.17,US,1595876915
102,Bambous virieux,-20.34,57.76,69.8,88,75,4.7,MU,1595877201
103,Shieli,44.17,66.75,80.98,25,64,18.61,KZ,1595877201
104,Myitkyina,25.38,97.4,75.2,96,90,0.51,MM,1595877201
105,Vostok,46.49,135.88,57.6,99,16,2.86,RU,1595877202
106,Muravlenko,63.79,74.52,52.79,58,99,15.7,RU,1595877202
107,Vanimo,-2.67,141.3,76.55,86,8,2.82,PG,1595877202
108,Esperance,-33.87,121.9,55.4,100,90,13.87,AU,1595877202
109,Mahebourg,-20.41,57.7,69.8,88,75,4.7,MU,1595877203
110,Kushiro,42.98,144.37,56.41,94,98,4.9,JP,1595877203
111,Egvekinot,66.32,-179.17,53.31,77,30,7.0,RU,1595877204
112,Fort william,56.82,-5.11,54.0,93,100,10.0,GB,1595877204
113,La grande,45.32,-118.09,82.0,36,1,3.36,US,1595877098
114,Neiafu,-18.65,-173.98,73.4,88,40,8.05,TO,1595877204
115,Zheleznodorozhnyy,55.75,38.0,68.0,88,0,4.47,RU,1595877205
116,Bredasdorp,-34.53,20.04,48.2,87,0,3.36,ZA,1595877205
117,Kodinsk,58.69,99.18,53.87,94,10,2.08,RU,1595877205
118,Vlore,40.47,19.49,75.27,64,0,5.93,AL,1595877205
119,Kalianget,-7.05,113.93,77.58,81,36,8.86,ID,1595877206
120,Jamestown,-15.94,-5.72,63.88,82,39,17.96,SH,1595877206
121,Lebu,-37.62,-73.65,49.03,63,3,13.06,CL,1595877206
122,Kudahuvadhoo,2.67,72.89,82.54,73,98,8.34,MV,1595877206
123,Bukachacha,52.98,116.92,61.83,87,99,3.27,RU,1595877207
124,Sao filipe,14.9,-24.5,76.3,77,37,14.5,CV,1595877207
125,Kidal,18.44,1.41,96.31,29,0,9.53,ML,1595877207
126,Provideniya,64.38,-173.3,50.0,100,90,6.71,RU,1595877208
127,Cherskiy,68.75,161.3,40.01,72,70,10.31,RU,1595877208
128,Chuy,-33.7,-53.46,58.73,72,26,5.79,UY,1595877208
129,Letlhakane,-21.42,25.58,55.29,42,0,14.61,BW,1595877208
130,Souillac,-20.52,57.52,69.8,88,75,4.7,MU,1595877208
131,Krasnogvardeyskoye,45.85,41.52,73.29,66,0,8.77,RU,1595877209
132,Front royal,38.92,-78.19,93.99,46,40,5.82,US,1595877150
133,Sechura,-5.56,-80.82,75.52,51,6,13.96,PE,1595877209
134,Victoria,-4.62,55.45,78.8,88,40,9.17,SC,1595876948
135,Bac lieu,9.29,105.72,81.55,81,0,6.49,VN,1595877116
136,Talnakh,69.49,88.4,51.8,62,59,8.95,RU,1595877210
137,Victor harbor,-35.57,138.62,43.0,88,0,3.85,AU,1595877210
138,Thinadhoo,0.53,72.93,82.94,74,100,9.1,MV,1595877211
139,Kushima,31.46,131.23,75.2,88,75,2.24,JP,1595877211
140,Guasdualito,7.24,-70.73,87.8,58,40,6.93,VE,1595877211
141,Rawson,-43.3,-65.1,46.51,54,97,23.11,AR,1595877211
142,Maloyaroslavets,55.01,36.47,64.4,93,14,4.47,RU,1595877212
143,Bengkulu,-3.8,102.27,75.0,84,88,6.11,ID,1595877212
144,Half moon bay,37.46,-122.43,72.0,63,20,10.29,US,1595877178
145,Aquiraz,-3.9,-38.39,84.2,54,40,20.8,BR,1595877037
146,Kodiak,57.79,-152.41,60.8,72,20,4.7,US,1595877213
147,Te anau,-45.42,167.72,37.69,87,100,1.19,NZ,1595877213
148,Castro,-42.47,-73.77,54.0,87,75,5.82,CL,1595877213
149,Shellbrook,53.22,-106.4,77.0,47,20,11.41,CA,1595877213
150,Verkhnevilyuysk,63.45,120.32,46.0,77,100,5.23,RU,1595877213
151,Taoudenni,22.68,-3.98,105.82,7,26,8.3,ML,1595877214
152,Omagh,54.6,-7.3,57.2,87,75,16.11,GB,1595877214
153,Solnechnyy,50.72,136.63,60.24,91,6,2.04,RU,1595877214
154,Iqaluit,63.75,-68.51,55.4,76,75,5.82,CA,1595877215
155,Juybar,36.64,52.91,82.4,74,75,2.24,IR,1595877215
156,Mehran,33.12,46.16,89.6,21,0,2.24,IR,1595877215
157,Yulara,-25.24,130.99,42.8,56,0,6.93,AU,1595877215
158,Domoni,-12.26,44.53,71.62,83,100,16.62,KM,1595877216
159,Barra do garcas,-15.89,-52.26,90.72,22,0,6.55,BR,1595877056
160,Arman,59.7,150.17,55.74,85,85,2.26,RU,1595877216
161,Cabo san lucas,22.89,-109.91,91.4,52,40,11.41,MX,1595877003
162,Saurimo,-9.66,20.39,65.86,35,0,4.81,AO,1595877217
163,Aykhal,66.0,111.5,39.2,93,90,4.47,RU,1595877217
164,Petropavlovsk-kamchatskiy,53.05,158.65,53.6,100,19,6.71,RU,1595877217
165,Piacabucu,-10.41,-36.43,77.59,66,86,11.36,BR,1595877218
166,East london,-33.02,27.91,60.58,66,49,13.24,ZA,1595877218
167,Eirunepe,-6.66,-69.87,90.18,45,95,1.28,BR,1595877214
168,Moron,47.38,110.32,58.42,84,43,6.6,MN,1595877218
169,Bedford,45.13,-72.97,82.0,94,90,10.4,CA,1595877219
170,Carnarvon,-24.87,113.63,53.6,100,0,8.05,AU,1595877219
171,Korla,41.76,86.15,79.0,83,100,5.99,CN,1595877219
172,Fare,-16.7,-151.02,79.21,80,100,14.85,PF,1595877219
173,Port augusta,-32.5,137.77,37.4,100,0,2.24,AU,1595877220
174,Muhos,64.81,25.99,68.0,68,27,3.36,FI,1595877220
175,Ratnagiri,16.98,73.3,81.48,82,100,4.03,IN,1595877220
176,Amasia,40.95,43.79,69.8,73,0,5.1,AM,1595877220
177,Quilpue,-33.05,-71.45,64.4,48,48,13.87,CL,1595877220
178,Berdigestyakh,62.1,126.7,59.92,83,100,5.1,RU,1595877221
179,Kloulklubed,7.04,134.26,77.0,88,75,10.29,PW,1595877221
180,Kirakira,-10.45,161.92,79.92,83,10,12.3,SB,1595877221
181,Mayor pablo lagerenza,-19.93,-60.77,93.83,24,0,15.52,PY,1595877221
182,La palma,8.4,-78.15,85.08,72,19,7.16,PA,1595877222
183,Boqueirao,-7.5,-36.13,78.6,51,58,16.33,BR,1595877222
184,Xuddur,4.12,43.89,77.05,66,0,19.13,SO,1595877222
185,Sri aman,1.24,111.46,77.0,94,100,0.72,MY,1595877222
186,Naze,28.37,129.48,82.4,94,40,4.7,JP,1595877222
187,Cockburn town,21.46,-71.14,82.33,76,0,16.87,TC,1595877223
188,Shihezi,44.3,86.03,68.83,68,100,8.93,CN,1595877223
189,Pontes e lacerda,-15.23,-59.34,95.38,19,68,6.06,BR,1595877042
190,Ozernovskiy,51.5,156.52,52.14,93,100,10.45,RU,1595877223
191,Visby,57.64,18.3,64.0,82,0,9.17,SE,1595877224
192,Ilulissat,69.22,-51.1,44.6,75,75,6.93,GL,1595877224
193,Strezhevoy,60.73,77.59,48.2,81,0,2.24,RU,1595876952
194,Christchurch,-43.53,172.63,39.0,100,100,5.82,NZ,1595877108
195,Poum,-20.23,164.02,73.47,81,100,19.89,NC,1595877224
196,Villacarrillo,38.12,-3.08,97.0,25,43,10.42,ES,1595877225
197,Kaeo,-35.1,173.78,55.0,3,88,5.01,NZ,1595877225
198,Taltal,-25.4,-70.48,64.69,52,22,3.24,CL,1595877225
199,Klaksvik,62.23,-6.59,48.2,87,99,14.99,FO,1595877213
200,Kondagaon,19.6,81.67,75.83,86,100,2.89,IN,1595877226
201,Ostrovnoy,68.05,39.51,58.15,85,0,2.44,RU,1595877226
202,San angelo,31.46,-100.44,93.0,43,1,6.93,US,1595877032
203,Shache,38.42,77.24,80.29,29,100,6.69,CN,1595877227
204,Stornoway,58.21,-6.39,54.0,93,100,18.34,GB,1595877227
205,Marquette,46.53,-87.63,80.01,56,28,10.63,US,1595877054
206,North bend,43.41,-124.22,75.0,82,20,6.93,US,1595877228
207,Agadir,30.42,-9.6,80.6,57,55,8.05,MA,1595877228
208,Tiarei,-17.53,-149.33,84.2,62,75,10.29,PF,1595877228
209,Orocue,4.79,-71.34,86.25,67,63,2.15,CO,1595877228
210,Arica,-18.48,-70.3,62.6,67,0,11.41,CL,1595877091
211,La crosse,43.8,-91.24,87.8,33,1,18.34,US,1595877011
212,Caceres,39.52,-6.37,96.01,27,0,5.99,ES,1595877229
213,Chardara,41.25,67.97,81.79,25,22,8.79,KZ,1595877229
214,Yako,12.97,-2.27,87.42,53,9,6.33,BF,1595877229
215,Sao paulo de olivenca,-3.38,-68.87,90.77,50,37,2.71,BR,1595877229
216,Sitka,57.05,-135.33,55.4,87,90,3.36,US,1595876984
217,Tautira,-17.73,-149.15,84.2,62,75,10.29,PF,1595877230
218,Amapa,1.0,-52.0,87.04,62,55,4.23,BR,1595877230
219,Vardo,70.37,31.11,59.0,72,28,14.99,NO,1595877230
220,Lorengau,-2.02,147.27,79.75,80,6,3.18,PG,1595877231
221,Yar-sale,66.83,70.83,49.03,76,100,9.53,RU,1595877231
222,Manta,-0.95,-80.73,78.03,69,47,12.41,EC,1595877231
223,Ketchikan,55.34,-131.65,60.8,77,40,13.87,US,1595877231
224,Maniitsoq,65.42,-52.9,45.5,95,100,8.81,GL,1595877231
225,Quatre cocos,-20.21,57.76,69.8,88,75,4.7,MU,1595877232
226,Seymchan,62.88,152.43,63.91,80,98,3.51,RU,1595877232
227,Leningradskiy,69.38,178.42,34.56,88,100,12.35,RU,1595877232
228,Teya,60.38,92.63,49.91,86,0,1.59,RU,1595877232
229,Viedma,-40.81,-63.0,48.0,55,0,7.0,AR,1595877233
230,Nakhon si thammarat,8.43,99.97,77.4,86,90,3.76,TH,1595877233
231,Lokoja,7.8,6.74,76.53,87,95,1.23,NG,1595877233
232,Cape canaveral,28.41,-80.6,93.2,56,20,9.17,US,1595877233
233,Kochi,9.94,76.26,80.6,88,20,4.81,IN,1595877234
234,Dikson,73.51,80.55,38.89,86,100,13.89,RU,1595877234
235,Erzin,50.26,95.16,58.42,53,100,7.72,RU,1595877234
236,Muisne,0.6,-80.03,78.8,88,75,9.17,EC,1595877235
237,Bethel,41.37,-73.41,93.99,46,1,11.41,US,1595877235
238,Faanui,-16.48,-151.75,78.64,82,100,14.18,PF,1595877215
239,Labuhan,-6.88,112.21,74.93,85,56,7.94,ID,1595877235
240,Ajdabiya,30.76,20.23,79.68,52,0,18.01,LY,1595877236
241,Vestmannaeyjar,63.44,-20.27,57.2,62,0,14.99,IS,1595877236
242,Mareeba,-17.0,145.43,57.99,66,94,1.66,AU,1595877236
243,Pechenga,69.53,31.17,68.0,60,40,4.7,RU,1595877236
244,Camabatela,-8.19,15.38,65.79,49,0,4.43,AO,1595877237
245,Nishihara,26.18,127.76,82.4,88,40,8.05,JP,1595877237
246,San francisco,-31.43,-62.08,66.0,23,100,8.99,AR,1595877237
247,Mao,14.12,15.31,89.89,39,0,12.5,TD,1595876944
248,Itaituba,-4.28,-55.98,96.8,39,20,5.82,BR,1595877238
249,Catalina,48.52,-53.08,59.09,95,95,3.56,CA,1595877238
250,Padang,-0.95,100.35,77.0,79,88,4.92,ID,1595877239
251,Port hedland,-20.32,118.57,51.8,66,92,5.82,AU,1595877239
252,Qasigiannguit,68.82,-51.19,44.6,75,75,6.93,GL,1595877239
253,Kieta,-6.22,155.63,78.24,80,100,2.44,PG,1595877239
254,Qaqortoq,60.72,-46.03,55.4,62,75,6.93,GL,1595877240
255,Geraldton,-28.77,114.6,57.2,93,90,3.36,AU,1595877240
256,Beyneu,45.32,55.2,77.72,23,14,11.77,KZ,1595877215
257,Denpasar,-8.65,115.22,78.8,100,40,10.29,ID,1595877069
258,Nikolsk,53.72,46.07,58.69,89,0,3.6,RU,1595877241
259,Zyryanka,65.75,150.85,65.46,74,81,7.54,RU,1595877241
260,Guntur,16.3,80.45,86.61,67,100,4.45,IN,1595877080
261,Cordoba,-31.41,-64.18,62.01,28,0,14.99,AR,1595877169
262,Waipawa,-41.41,175.52,48.99,81,1,11.41,NZ,1595877241
263,Rundu,-17.93,19.77,66.2,33,0,4.7,NA,1595877242
264,Touros,-5.2,-35.46,78.8,78,75,13.87,BR,1595877242
265,Sur,22.57,59.53,88.43,59,16,20.96,OM,1595877242
266,Betong,5.77,101.07,72.28,94,100,2.04,TH,1595877243
267,Porto novo,17.02,-25.06,82.4,58,75,23.04,CV,1595877243
268,Ruteng,-8.61,120.47,57.07,96,38,2.06,ID,1595877243
269,Voyvozh,62.89,54.96,59.58,63,32,3.04,RU,1595877243
270,Kunashak,55.7,61.55,57.2,82,40,6.71,RU,1595877243
271,Jacareacanga,-6.22,-57.75,96.8,34,0,6.93,BR,1595877244
272,Sinnamary,5.38,-52.95,82.71,76,35,6.02,GF,1595877244
273,Svetlogorsk,54.94,20.15,60.8,87,40,4.47,RU,1595877244
274,Yakeshi,49.28,120.73,64.67,72,6,6.93,CN,1595877245
275,Bonfim,3.08,-59.95,88.25,58,65,5.97,BR,1595877245
276,Saint-philippe,-21.36,55.77,69.8,88,96,4.7,RE,1595877245
277,Simao,22.79,100.97,63.07,94,0,1.12,CN,1595877245
278,Sahuaripa,29.05,-109.23,95.31,41,0,3.53,MX,1595877246
279,Buraydah,26.33,43.98,100.4,27,34,2.24,SA,1595877246
280,Warmbad,-28.45,18.73,63.59,27,0,11.52,NA,1595877246
281,Newport,41.49,-71.31,93.0,48,1,10.29,US,1595877246
282,Tigil,57.8,158.67,50.18,83,0,5.68,RU,1595877246
283,Banda aceh,5.56,95.32,78.13,88,100,17.22,ID,1595877247
284,Udachnyy,66.42,112.4,39.2,93,90,4.47,RU,1595877247
285,Shakhovskaya,56.03,35.51,62.62,94,0,6.11,RU,1595877247
286,Meridian,43.61,-116.39,91.4,27,1,4.7,US,1595877247
287,Chokurdakh,70.63,147.92,43.32,69,100,1.32,RU,1595877248
288,Lucea,18.45,-78.17,91.0,70,40,23.04,JM,1595877248
289,Cidreira,-30.18,-50.21,62.33,88,100,5.86,BR,1595877248
290,Kirkwood,-33.4,25.44,59.0,67,0,12.75,ZA,1595877248
291,Whitianga,-36.83,175.7,54.14,82,33,10.13,NZ,1595877248
292,Shitkino,56.37,98.35,54.19,95,19,3.38,RU,1595877249
293,Aksarka,66.56,67.8,51.17,72,99,9.84,RU,1595877249
294,San rafael,-34.62,-68.33,53.71,41,27,10.07,AR,1595876954
295,Mitchell,43.71,-98.03,84.2,37,1,3.36,US,1595877249
296,Juneau,58.3,-134.42,57.2,82,75,6.93,US,1595877071
297,Sinjar,36.32,41.88,93.4,14,0,4.76,IQ,1595877250
298,Fortuna,40.6,-124.16,64.0,77,1,4.0,US,1595877250
299,Sistranda,63.73,8.83,64.4,59,94,13.87,NO,1595877250
300,Imeni sverdlova,59.8,30.67,68.0,52,74,8.95,RU,1595877251
301,Muros,42.78,-9.06,75.0,78,27,4.0,ES,1595877251
302,Garowe,8.41,48.48,84.33,42,21,17.2,SO,1595877251
303,Kahului,20.89,-156.47,84.2,54,20,21.92,US,1595877252
304,Batagay,67.63,134.63,48.02,81,95,5.64,RU,1595877252
305,Carutapera,-1.2,-46.02,83.93,68,30,10.96,BR,1595877252
306,Kalmunai,7.42,81.82,79.11,76,100,7.16,LK,1595877252
307,Saint george,32.38,-64.68,87.8,66,40,10.29,BM,1595877253
308,Lagoa,39.05,-27.98,74.59,84,0,6.02,PT,1595877253
309,Manzanillo,19.05,-104.32,89.6,66,75,5.82,MX,1595877253
310,Genhe,50.78,121.52,62.26,85,1,2.86,CN,1595877253
311,Laredo,27.51,-99.51,89.6,66,75,11.41,US,1595877246
312,Margate,-30.86,30.37,62.28,70,100,10.96,ZA,1595877254
313,Lompoc,34.64,-120.46,66.99,82,1,9.17,US,1595877174
314,Mayumba,-3.43,10.66,72.72,85,19,5.7,GA,1595877254
315,Eldorado,-26.4,-54.63,75.78,65,88,1.48,AR,1595877255
316,Chapais,49.78,-74.85,78.8,69,75,3.36,CA,1595877255
317,Gobabis,-22.45,18.97,60.8,25,0,2.24,NA,1595877255
318,Rio gallegos,-51.62,-69.22,39.2,69,40,21.92,AR,1595877255
319,Castelbuono,37.93,14.09,79.0,36,0,1.99,IT,1595877256
320,Verkhoyansk,67.54,133.38,49.08,81,95,7.49,RU,1595877256
321,High level,58.52,-117.14,80.6,57,20,14.99,CA,1595877256
322,Gizo,-8.1,156.84,80.92,78,100,4.72,SB,1595877257
323,Cedar city,37.68,-113.06,73.4,53,75,10.29,US,1595877257
324,Chongwe,-15.33,28.68,55.45,50,0,5.44,ZM,1595877257
325,Kasangulu,-4.59,15.17,73.4,78,0,5.95,CD,1595877257
326,Santa maria,16.6,-22.9,80.6,65,75,14.99,CV,1595877258
327,Sokolo,14.73,-6.12,91.76,48,0,4.61,ML,1595877258
328,Ikwiriri,-7.96,38.97,72.25,82,1,6.51,TZ,1595877259
329,Richards bay,-28.78,32.04,61.29,75,85,2.77,ZA,1595877259
330,Wai,17.93,73.9,71.96,88,100,4.54,IN,1595877259
331,Gore,8.15,35.53,55.13,100,100,1.39,ET,1595877259
332,Uray,60.12,64.78,55.51,70,7,5.66,RU,1595877259
333,Upington,-28.45,21.26,55.4,30,0,3.36,ZA,1595877260
334,Katangli,51.71,143.23,49.82,95,2,6.31,RU,1595877260
335,Parian dakula,5.56,120.77,83.1,75,100,7.16,PH,1595877260
336,Waingapu,-9.66,120.26,71.13,83,99,10.45,ID,1595877261
337,Portland,-38.33,141.6,48.13,83,2,4.61,AU,1595877261
338,Contamana,-7.33,-75.02,88.29,51,62,1.99,PE,1595877261
339,Aksu,52.03,76.92,60.8,93,36,6.71,KZ,1595877261
340,Hammerfest,70.66,23.68,68.0,52,93,20.8,NO,1595877261
341,Savannah bight,16.45,-85.85,83.71,78,60,21.97,HN,1595877262
342,Caravelas,-17.71,-39.25,75.25,72,0,5.86,BR,1595877262
343,San-pedro,4.75,-6.64,74.53,82,72,8.1,CI,1595877262
344,Bunia,1.57,30.25,64.92,91,100,2.64,CD,1595877263
345,Beringovskiy,63.05,179.32,63.36,65,0,6.8,RU,1595877263
346,Libreville,0.39,9.45,78.8,83,40,9.17,GA,1595877263
347,Suez,29.97,32.53,80.31,58,0,12.68,EG,1595877263
348,Pangnirtung,66.15,-65.71,60.8,67,75,23.04,CA,1595877264
349,Beneditinos,-5.45,-42.37,91.4,29,20,8.05,BR,1595877264
350,Bintulu,3.17,113.03,77.0,94,40,5.82,MY,1595877264
351,Kawalu,-7.38,108.21,70.41,90,100,1.57,ID,1595877264
352,San cristobal,-0.9,-89.62,73.4,73,20,16.11,EC,1595877264
353,Sharjah,25.36,55.4,100.4,44,3,3.36,AE,1595877214
354,Dabakala,8.37,-4.43,74.26,92,22,3.69,CI,1595877065
355,Baracoa,20.35,-74.5,85.93,68,87,11.1,CU,1595877265
356,Puerto narino,-3.77,-70.38,89.6,62,40,4.7,CO,1595877265
357,Gushikawa,26.35,127.87,82.4,94,20,5.82,JP,1595877266
358,Adrar,25.75,-1.0,105.35,15,100,8.21,DZ,1595877266
359,Tabas,33.6,56.92,93.2,15,0,4.7,IR,1595877266
360,Leh,34.17,77.58,65.14,34,23,4.81,IN,1595877266
361,Ronneby,56.21,15.28,62.6,93,100,5.82,SE,1595877267
362,Qui nhon,13.77,109.23,79.65,85,93,4.72,VN,1595877002
363,Drovyanaya,51.58,113.03,62.6,93,40,2.24,RU,1595877267
364,Roma,-26.58,148.78,44.53,62,0,10.07,AU,1595877267
365,Novochernorechenskiy,56.27,91.08,53.55,93,17,2.24,RU,1595877268
366,Ozark,37.02,-93.21,84.0,79,100,1.99,US,1595877268
367,Bubaque,11.28,-15.83,80.15,83,100,21.65,GW,1595877268
368,Port keats,-14.25,129.55,65.66,29,57,13.89,AU,1595877035
369,Mindelo,16.89,-24.98,82.4,58,75,23.04,CV,1595877269
370,Gimli,50.63,-96.99,77.0,85,0,4.0,CA,1595877269
371,Khasan,42.43,130.64,65.43,97,100,6.17,RU,1595877269
372,Walvis bay,-22.96,14.51,71.6,28,0,8.05,NA,1595877269
373,Sembakung,3.82,117.25,73.99,97,100,1.54,ID,1595877270
374,Sanmenxia,34.77,111.18,73.06,87,0,7.11,CN,1595877270
375,Montreal,45.51,-73.59,84.99,70,75,16.11,CA,1595877178
376,Cruz alta,-28.64,-53.61,75.2,64,3,4.7,BR,1595877270
377,Galveston,29.37,-94.97,90.0,79,90,11.41,US,1595877271
378,Guane,22.2,-84.09,90.03,65,48,10.92,CU,1595877271
379,Djibo,14.1,-1.63,94.37,39,42,7.78,BF,1595877271
380,Churapcha,62.0,132.43,61.52,93,100,2.44,RU,1595877271
381,Trelew,-43.25,-65.31,47.08,51,74,21.23,AR,1595877255
382,Sovetskiy,61.36,63.58,57.74,56,56,5.88,RU,1595877272
383,Bardiyah,31.76,25.09,75.2,84,0,13.06,LY,1595877272
384,Roebourne,-20.78,117.13,66.02,27,92,8.7,AU,1595877272
385,Ngunguru,-35.62,174.5,55.0,3,66,5.01,NZ,1595877273
386,Preobrazheniye,42.9,133.91,63.01,85,27,8.32,RU,1595877273
387,Mattawa,46.32,-78.7,79.0,88,90,9.17,CA,1595877273
388,Mount gambier,-37.83,140.77,37.4,93,0,4.7,AU,1595877273
389,Ancud,-41.87,-73.82,54.0,87,75,5.82,CL,1595877274
390,Milkovo,54.72,158.62,57.29,87,0,1.5,RU,1595877274
391,Alice springs,-23.7,133.88,39.2,64,0,3.36,AU,1595877101
392,Bangalore,12.98,77.6,71.6,100,40,3.36,IN,1595877198
393,Crixas,-14.55,-49.97,90.36,25,0,7.07,BR,1595877275
394,Santa cruz,10.26,-85.59,87.8,70,40,6.93,CR,1595877275
395,Mazamari,-11.33,-74.53,89.78,36,23,1.19,PE,1595877275
396,Ambulu,-8.35,113.61,70.79,86,7,3.09,ID,1595877276
397,Aswan,24.09,32.91,99.5,11,24,18.57,EG,1595877276
398,Steinbach,49.53,-96.68,78.01,43,0,17.0,CA,1595877276
399,San jose,16.98,-89.9,96.78,41,64,4.92,GT,1595877277
400,Srednekolymsk,67.45,153.68,54.64,61,39,9.33,RU,1595877277
401,Lakatoro,-16.1,167.42,77.0,88,75,6.93,VU,1595877277
402,Romny,50.73,129.29,65.97,92,0,6.08,RU,1595877278
403,Aranos,-24.13,19.12,54.91,36,0,9.78,NA,1595877278
404,Tomatlan,19.93,-105.25,90.46,54,94,7.36,MX,1595877278
405,Gra liyia,35.02,25.68,84.99,34,0,8.01,GR,1595877278
406,Bulgan,48.81,103.53,55.78,76,0,2.37,MN,1595877279
407,Kruisfontein,-34.0,24.73,57.0,68,0,1.01,ZA,1595877279
408,Katsuura,35.13,140.3,78.8,94,75,10.29,JP,1595877279
409,Ulladulla,-35.35,150.47,57.2,100,90,25.28,AU,1595877279
410,Bamiantong,44.93,130.53,62.56,90,2,1.61,CN,1595877279
411,Alihe,50.57,123.72,64.83,85,49,1.9,CN,1595877280
412,Sovetskoye,52.29,85.41,57.76,80,0,3.69,RU,1595877280
413,Nakusp,50.25,-117.8,77.0,44,0,4.0,CA,1595877280
414,Batemans bay,-35.72,150.18,55.0,100,100,4.0,AU,1595877256
415,Gashua,12.87,11.05,82.87,59,99,3.44,NG,1595877281
416,Wajima,37.4,136.9,75.02,93,100,15.03,JP,1595877281
417,Limon,10.0,-83.03,87.8,66,66,12.75,CR,1595877281
418,Maksi,23.27,76.15,81.93,71,99,9.55,IN,1595877281
419,Haghartsin,40.78,44.97,69.48,68,0,3.29,AM,1595877282
420,La asuncion,11.03,-63.86,82.71,75,47,8.5,VE,1595877032
421,Altamira,-3.2,-52.21,93.2,38,75,3.36,BR,1595877282
422,Kamloops,50.67,-120.32,82.4,42,20,4.7,CA,1595877139
423,Benito juarez,19.39,-99.17,73.4,43,75,6.93,MX,1595877283
424,Indian head,50.53,-103.67,77.0,39,0,1.01,CA,1595877283
425,Steenwijk,52.79,6.12,69.01,85,100,5.99,NL,1595877283
426,Khakurinokhabl,45.02,40.23,70.75,69,68,9.22,RU,1595877283
427,Yeniseysk,58.45,92.17,51.26,88,0,1.66,RU,1595877284
428,Peci,44.63,16.79,73.4,56,0,2.24,BA,1595877284
429,Luanda,-8.84,13.23,73.4,83,20,9.17,AO,1595877284
430,Praia da vitoria,38.73,-27.07,78.8,74,20,3.11,PT,1595877107
431,Khovu-aksy,51.13,93.6,55.08,61,100,1.03,RU,1595877285
432,Vila velha,-20.33,-40.29,79.0,61,20,10.29,BR,1595877285
433,Moree,-29.47,149.85,48.2,76,90,5.82,AU,1595877285
434,Benguela,-12.58,13.41,68.41,86,6,1.59,AO,1595877285
435,Constitucion,23.99,-104.67,69.01,77,90,9.17,MX,1595877285
436,Basco,20.45,121.97,84.78,75,100,5.03,PH,1595877286
437,Blackwater,-23.58,148.88,49.91,53,0,6.73,AU,1595877220
438,Devonport,-41.17,146.35,46.99,69,7,3.0,AU,1595877286
439,Bonthe,7.53,-12.51,76.96,79,65,11.43,SL,1595877286
440,Emerald,-23.53,148.17,46.4,57,0,6.93,AU,1595877062
441,Sibolga,1.74,98.78,75.85,82,53,2.98,ID,1595877287
442,Nyagan,62.14,65.39,52.63,71,93,4.18,RU,1595877287
443,De-kastri,51.47,140.78,58.89,91,100,5.5,RU,1595877287
444,Tateyama,34.98,139.87,78.8,94,75,10.29,JP,1595877287
445,Sabha,27.04,14.43,90.27,15,0,15.68,LY,1595877288
446,Houma,35.63,111.36,73.53,78,0,2.42,CN,1595877288
447,Sola,-13.88,167.55,80.6,88,90,11.41,VU,1595877288
448,Dingzhou,38.51,115.0,71.6,94,19,4.47,CN,1595877289
449,Calvinia,-31.47,19.78,55.62,37,0,6.17,ZA,1595877289
450,Civitavecchia,42.09,11.8,75.99,43,0,3.74,IT,1595877289
451,Panzhihua,26.59,101.71,68.81,69,5,1.3,CN,1595877290
452,Byron bay,-28.65,153.62,59.0,54,90,18.34,AU,1595877290
453,Tuensang,26.28,94.83,72.43,84,100,2.24,IN,1595877290
454,Shizunai,42.33,142.37,62.98,82,99,4.7,JP,1595877290
455,Isangel,-19.55,169.27,73.96,78,100,17.43,VU,1595877291
456,Auki,-8.77,160.7,77.49,87,39,3.83,SB,1595877291
457,Tono,39.32,141.53,66.06,92,100,2.91,JP,1595877291
458,Biskamzha,53.45,89.53,51.49,86,24,0.43,RU,1595877291
459,Virginia beach,36.85,-75.98,97.0,56,20,5.01,US,1595877071
460,Pacific grove,36.62,-121.92,66.2,68,40,6.93,US,1595877292
461,Hefei,31.86,117.28,75.0,100,90,2.24,CN,1595877292
462,Nanortalik,60.14,-45.24,46.6,91,100,7.58,GL,1595877292
463,Jega,12.22,4.38,83.55,65,100,2.8,NG,1595877293
464,Camapua,-19.53,-54.04,92.1,17,100,7.67,BR,1595877293
465,Karabanovo,56.32,38.7,61.38,94,4,4.94,RU,1595877293
466,Camacha,33.08,-16.33,73.4,69,40,13.87,PT,1595877293
467,Price,39.6,-110.81,89.6,19,1,4.7,US,1595877241
468,Mashhad,36.3,59.61,82.4,26,0,4.7,IR,1595877294
469,Concepcion del oro,24.63,-101.42,58.78,96,100,8.77,MX,1595877294
470,Nguru,12.88,10.45,81.21,60,99,3.42,NG,1595877294
471,Havelock,34.88,-76.9,93.2,63,20,13.87,US,1595877295
472,Salinas,-2.22,-80.97,69.13,85,11,13.06,EC,1595877295
473,Bundaberg,-24.85,152.35,55.0,76,12,8.05,AU,1595877295
474,Novyy yarychiv,49.9,24.31,66.2,82,100,4.47,UA,1595877295
475,Mehamn,71.04,27.85,62.6,63,0,2.24,NO,1595877295
476,Bouna,9.27,-3.0,75.92,83,100,4.56,CI,1595877296
477,Lishui,28.46,119.91,75.87,88,100,2.66,CN,1595877296
478,Deoli,25.75,75.38,89.82,55,86,9.35,IN,1595877296
479,Abnub,27.27,31.15,89.6,29,0,10.29,EG,1595877296
480,Rapu-rapu,13.19,124.13,83.37,75,100,2.3,PH,1595877297
481,Gurupa,-1.41,-51.64,92.97,41,30,3.71,BR,1595877064
482,Vagur,61.47,-6.81,50.49,93,97,19.86,FO,1595877297
483,Athens,33.96,-83.38,96.01,39,40,5.95,US,1595877139
484,Troitskoye,52.98,84.68,56.79,80,78,1.74,RU,1595877297
485,Zhaotong,27.32,103.72,58.3,64,0,2.37,CN,1595877298
486,Laguna,-28.48,-48.78,64.2,90,100,10.54,BR,1595877298
487,Aitape,-3.14,142.35,76.21,85,41,5.1,PG,1595877298
488,Kirillov,59.86,38.38,59.0,100,0,1.74,RU,1595877298
489,Zhucheng,35.99,119.4,67.12,95,1,4.03,CN,1595877299
490,Maumere,-8.62,122.21,75.85,78,75,9.42,ID,1595877299
491,Kununurra,-15.77,128.73,64.4,34,13,5.82,AU,1595877299
492,Carberry,49.87,-99.36,75.2,53,20,14.99,CA,1595877299
493,Srednyaya yelyuzan,53.02,45.95,70.0,45,0,4.47,RU,1595877300
494,Saint-augustin,51.23,-58.65,67.82,62,88,11.39,CA,1595877300
495,Flin flon,54.77,-101.86,75.2,41,40,13.87,CA,1595877300
496,Zhob,31.34,69.45,86.56,41,0,9.62,PK,1595877301
497,Namibe,-15.2,12.15,66.78,79,0,7.58,AO,1595877301
498,Akhmim,26.56,31.75,95.0,23,0,12.75,EG,1595877301
499,Gouyave,12.16,-61.73,87.8,70,40,19.46,GD,1595877301
500,Maues,-3.38,-57.72,96.73,34,41,0.43,BR,1595877301
501,Yazykovo,55.22,56.14,56.48,85,0,6.64,RU,1595877302
502,Mamakan,57.82,114.0,62.28,87,100,0.6,RU,1595877302
503,Fallon,39.47,-118.78,89.6,14,75,8.05,US,1595877302
504,Abadan,30.34,48.3,98.6,53,94,4.7,IR,1595877303
505,Trat,12.5,102.5,77.81,88,90,1.3,TH,1595877303
506,Carauari,-4.88,-66.9,88.81,49,98,2.17,BR,1595877303
507,Gidole,5.65,37.37,59.61,94,100,2.48,ET,1595877303
508,Ewo,-0.87,14.82,83.52,50,72,4.54,CG,1595877065
509,Hami,42.8,93.45,86.09,14,18,8.52,CN,1595877304
510,Guozhen,34.37,107.36,76.62,52,88,2.75,CN,1595877304
511,Pangoa,-12.12,-73.0,84.27,49,0,4.9,PE,1595877304
512,Nemuro,43.32,145.57,56.97,93,61,7.76,JP,1595877305
513,Gravdal,68.12,13.5,60.8,82,75,3.36,NO,1595877305
514,Darhan,49.49,105.92,59.94,79,1,1.19,MN,1595877305
515,Ginir,7.13,40.7,60.55,93,97,9.1,ET,1595877305
516,Morgan city,29.7,-91.21,80.01,88,90,4.7,US,1595877306
517,Ekhabi,53.51,142.97,51.39,96,3,6.78,RU,1595877306
518,Dickinson,29.46,-95.05,90.0,55,90,5.82,US,1595877306
