,Lat,Lng,Max Temp,Humidity,Cloudiness,Wind Speed
0,77.48,-69.36,46.78,54,100,2.91
1,-0.18,-50.05,88.93,57,33,6.58
2,65.61,-37.64,48.2,70,75,13.87
3,-20.74,116.85,65.55,28,96,9.06
4,-53.15,-70.92,41.0,56,40,19.46
5,4.93,-52.33,78.8,88,1,1.12
6,61.99,-49.67,46.92,86,100,3.18
7,-42.88,147.33,44.6,93,90,5.82
8,3.07,172.79,82.51,79,10,11.45
9,-34.42,19.23,53.82,81,0,9.48
10,20.15,92.9,81.99,83,100,2.21
11,-23.12,-134.97,71.6,74,100,13.85
12,-42.78,147.06,44.01,91,100,2.26
13,49.48,-113.95,75.99,43,1,2.24
14,62.46,-114.35,71.01,60,75,13.87
15,38.52,-28.7,78.8,78,40,8.05
16,-22.97,-42.03,82.4,61,0,16.11
17,30.37,-88.56,78.8,100,90,5.7
18,46.7,-75.45,76.08,92,56,5.46
19,-23.3,30.72,56.64,89,3,9.73
20,-0.09,11.94,76.39,75,9,4.65
21,19.73,-155.09,78.8,74,90,3.36
22,60.92,-46.05,55.4,62,75,6.93
23,-21.64,-41.05,78.8,61,0,18.34
24,-7.93,-14.42,75.4,69,1,13.91
25,13.22,80.32,86.0,74,40,7.18
26,-46.28,169.85,45.0,67,98,1.99
27,-21.2,-175.2,69.8,88,40,11.41
28,69.7,170.31,34.93,87,0,9.91
29,37.8,-25.58,73.4,88,40,8.05
30,35.73,140.83,77.0,88,75,9.17
31,63.84,-22.43,50.0,76,0,25.28
32,64.5,-165.41,50.0,93,90,12.75
33,19.22,-104.7,89.6,66,75,5.82
34,53.0,-122.5,75.2,53,1,4.7
35,65.58,-171.0,52.79,82,0,11.63
36,-29.95,-71.34,60.8,59,0,13.87
37,-33.01,17.94,50.0,66,0,4.7
38,7.62,-11.83,74.07,88,98,4.65
39,70.86,29.09,62.49,67,0,11.63
40,70.47,-68.59,42.8,93,75,11.41
41,-35.17,173.17,52.07,79,100,7.23
42,-0.6,73.08,82.51,76,100,9.95
43,-33.93,18.42,57.2,82,0,8.05
44,20.7,-105.2,84.99,78,90,4.7
45,64.68,24.48,68.0,68,100,3.36
46,18.73,-103.68,80.6,69,40,5.17
47,47.05,-122.4,87.8,33,1,2.73
48,-10.67,-77.83,66.16,67,16,11.86
49,-46.6,168.33,39.0,83,100,3.0
50,-0.74,-90.35,68.0,94,60,5.99
51,11.4,-84.9,83.14,79,100,8.99
52,-9.8,-139.03,79.59,70,1,27.0
53,-21.21,-159.78,69.8,88,100,8.05
54,5.54,-0.7,77.0,83,12,18.34
55,71.29,-156.79,39.2,86,90,18.34
56,55.74,-97.86,57.2,93,90,11.41
57,-38.0,-57.56,48.99,65,40,12.75
58,-32.03,-52.1,60.8,72,51,3.36
59,17.33,42.67,80.6,83,75,11.41
60,43.98,46.7,71.89,64,0,5.79
61,-33.59,26.89,57.51,72,0,16.33
62,-22.12,14.28,62.01,82,0,9.06
63,-54.8,-68.3,35.6,90,75,27.51
64,-28.57,-70.76,78.76,17,0,5.28
65,78.22,15.64,66.2,48,0,6.93
66,71.69,128.87,40.46,87,100,9.84
67,18.8,110.4,82.18,86,93,10.98
68,29.97,40.21,105.8,11,20,8.05
69,13.22,-59.52,89.6,62,40,18.34
70,31.35,27.25,78.8,83,0,11.41
71,46.77,-56.17,69.8,77,40,6.93
72,-33.92,25.57,59.0,67,0,12.75
73,-35.02,117.89,51.8,93,14,9.17
74,27.98,-114.06,77.5,56,3,15.21
75,71.92,114.08,40.78,83,100,5.19
76,5.88,-10.05,75.2,94,75,10.98
77,51.72,103.7,58.19,83,15,4.63
78,56.85,105.25,58.08,85,28,2.55
79,47.67,-52.73,64.0,100,90,5.82
80,-19.06,-169.92,73.4,78,75,12.75
81,22.08,-159.32,80.6,94,90,19.46
82,33.05,-96.99,91.99,66,75,5.82
83,69.45,-133.04,64.4,63,75,9.17
84,65.82,87.98,50.85,67,31,13.65
85,-19.98,57.61,69.01,79,0,1.99
86,25.06,-77.34,87.8,66,20,13.87
87,72.79,-56.15,44.78,80,0,5.48
88,34.38,-86.33,90.0,49,40,8.05
89,21.4,-157.74,79.0,83,90,13.87
90,24.43,90.57,86.0,74,75,8.12
91,71.97,102.5,41.2,78,0,5.82
92,49.67,-103.85,75.99,46,0,11.01
93,17.2,-25.09,82.4,58,75,23.04
94,59.7,30.79,68.0,52,77,8.95
95,65.28,-126.83,66.2,68,20,8.05
96,-33.65,115.33,48.99,98,0,7.94
97,-26.65,15.16,60.8,77,0,5.82
98,55.1,-105.28,75.2,47,20,12.75
99,50.68,156.12,51.67,91,100,18.21
100,-6.98,-34.83,80.6,69,40,5.82
101,34.96,-89.83,91.4,52,40,9.17
102,-20.34,57.76,69.8,88,75,4.7
103,44.17,66.75,80.98,25,64,18.61
104,25.38,97.4,75.2,96,90,0.51
105,46.49,135.88,57.6,99,16,2.86
106,63.79,74.52,52.79,58,99,15.7
107,-2.67,141.3,76.55,86,8,2.82
108,-33.87,121.9,55.4,100,90,13.87
109,-20.41,57.7,69.8,88,75,4.7
110,42.98,144.37,56.41,94,98,4.9
111,66.32,-179.17,53.31,77,30,7.0
112,56.82,-5.11,54.0,93,100,10.0
113,45.32,-118.09,82.0,36,1,3.36
114,-18.65,-173.98,73.4,88,40,8.05
115,55.75,38.0,68.0,88,0,4.47
116,-34.53,20.04,48.2,87,0,3.36
117,58.69,99.18,53.87,94,10,2.08
118,40.47,19.49,75.27,64,0,5.93
119,-7.05,113.93,77.58,81,36,8.86
120,-15.94,-5.72,63.88,82,39,17.96
121,-37.62,-73.65,49.03,63,3,13.06
122,2.67,72.89,82.54,73,98,8.34
123,52.98,116.92,61.83,87,99,3.27
124,14.9,-24.5,76.3,77,37,14.5
125,18.44,1.41,96.31,29,0,9.53
126,64.38,-173.3,50.0,100,90,6.71
127,68.75,161.3,40.01,72,70,10.31
128,-33.7,-53.46,58.73,72,26,5.79
129,-21.42,25.58,55.29,42,0,14.61
130,-20.52,57.52,69.8,88,75,4.7
131,45.85,41.52,73.29,66,0,8.77
132,38.92,-78.19,93.99,46,40,5.82
133,-5.56,-80.82,75.52,51,6,13.96
134,-4.62,55.45,78.8,88,40,9.17
135,9.29,105.72,81.55,81,0,6.49
136,69.49,88.4,51.8,62,59,8.95
137,-35.57,138.62,43.0,88,0,3.85
138,0.53,72.93,82.94,74,100,9.1
139,31.46,131.23,75.2,88,75,2.24
140,7.24,-70.73,87.8,58,40,6.93
141,-43.3,-65.1,46.51,54,97,23.11
142,55.01,36.47,64.4,93,14,4.47
143,-3.8,102.27,75.0,84,88,6.11
144,37.46,-122.43,72.0,63,20,10.29
145,-3.9,-38.39,84.2,54,40,20.8
146,57.79,-152.41,60.8,72,20,4.7
147,-45.42,167.72,37.69,87,100,1.19
148,-42.47,-73.77,54.0,87,75,5.82
149,53.22,-106.4,77.0,47,20,11.41
150,63.45,120.32,46.0,77,100,5.23
151,22.68,-3.98,105.82,7,26,8.3
152,54.6,-7.3,57.2,87,75,16.11
153,50.72,136.63,60.24,91,6,2.04
154,63.75,-68.51,55.4,76,75,5.82
155,36.64,52.91,82.4,74,75,2.24
156,33.12,46.16,89.6,21,0,2.24
157,-25.24,130.99,42.8,56,0,6.93
158,-12.26,44.53,71.62,83,100,16.62
159,-15.89,-52.26,90.72,22,0,6.55
160,59.7,150.17,55.74,85,85,2.26
161,22.89,-109.91,91.4,52,40,11.41
162,-9.66,20.39,65.86,35,0,4.81
163,66.0,111.5,39.2,93,90,4.47
164,53.05,158.65,53.6,100,19,6.71
165,-10.41,-36.43,77.59,66,86,11.36
166,-33.02,27.91,60.58,66,49,13.24
167,-6.66,-69.87,90.18,45,95,1.28
168,47.38,110.32,58.42,84,43,6.6
169,45.13,-72.97,82.0,94,90,10.4
170,-24.87,113.63,53.6,100,0,8.05
171,41.76,86.15,79.0,83,100,5.99
172,-16.7,-151.02,79.21,80,100,14.85
173,-32.5,137.77,37.4,100,0,2.24
174,64.81,25.99,68.0,68,27,3.36
175,16.98,73.3,81.48,82,100,4.03
176,40.95,43.79,69.8,73,0,5.1
177,-33.05,-71.45,64.4,48,48,13.87
178,62.1,126.7,59.92,83,100,5.1
179,7.04,134.26,77.0,88,75,10.29
180,-10.45,161.92,79.92,83,10,12.3
181,-19.93,-60.77,93.83,24,0,15.52
182,8.4,-78.15,85.08,72,19,7.16
183,-7.5,-36.13,78.6,51,58,16.33
184,4.12,43.89,77.05,66,0,19.13
185,1.24,111.46,77.0,94,100,0.72
186,28.37,129.48,82.4,94,40,4.7
187,21.46,-71.14,82.33,76,0,16.87
188,44.3,86.03,68.83,68,100,8.93
189,-15.23,-59.34,95.38,19,68,6.06
190,51.5,156.52,52.14,93,100,10.45
191,57.64,18.3,64.0,82,0,9.17
192,69.22,-51.1,44.6,75,75,6.93
193,60.73,77.59,48.2,81,0,2.24
194,-43.53,172.63,39.0,100,100,5.82
195,-20.23,164.02,73.47,81,100,19.89
196,38.12,-3.08,97.0,25,43,10.42
197,-35.1,173.78,55.0,3,88,5.01
198,-25.4,-70.48,64.69,52,22,3.24
199,62.23,-6.59,48.2,87,99,14.99
200,19.6,81.67,75.83,86,100,2.89
201,68.05,39.51,58.15,85,0,2.44
202,31.46,-100.44,93.0,43,1,6.93
203,38.42,77.24,80.29,29,100,6.69
204,58.21,-6.39,54.0,93,100,18.34
205,46.53,-87.63,80.01,56,28,10.63
206,43.41,-124.22,75.0,82,20,6.93
207,30.42,-9.6,80.6,57,55,8.05
208,-17.53,-149.33,84.2,62,75,10.29
209,4.79,-71.34,86.25,67,63,2.15
210,-18.48,-70.3,62.6,67,0,11.41
211,43.8,-91.24,87.8,33,1,18.34
212,39.52,-6.37,96.01,27,0,5.99
213,41.25,67.97,81.79,25,22,8.79
214,12.97,-2.27,87.42,53,9,6.33
215,-3.38,-68.87,90.77,50,37,2.71
216,57.05,-135.33,55.4,87,90,3.36
217,-17.73,-149.15,84.2,62,75,10.29
218,1.0,-52.0,87.04,62,55,4.23
219,70.37,31.11,59.0,72,28,14.99
220,-2.02,147.27,79.75,80,6,3.18
221,66.83,70.83,49.03,76,100,9.53
222,-0.95,-80.73,78.03,69,47,12.41
223,55.34,-131.65,60.8,77,40,13.87
224,65.42,-52.9,45.5,95,100,8.81
225,-20.21,57.76,69.8,88,75,4.7
226,62.88,152.43,63.91,80,98,3.51
227,69.38,178.42,34.56,88,100,12.35
228,60.38,92.63,49.91,86,0,1.59
229,-40.81,-63.0,48.0,55,0,7.0
230,8.43,99.97,77.4,86,90,3.76
231,7.8,6.74,76.53,87,95,1.23
232,28.41,-80.6,93.2,56,20,9.17
233,9.94,76.26,80.6,88,20,4.81
234,73.51,80.55,38.89,86,100,13.89
235,50.26,95.16,58.42,53,100,7.72
236,0.6,-80.03,78.8,88,75,9.17
237,41.37,-73.41,93.99,46,1,11.41
238,-16.48,-151.75,78.64,82,100,14.18
239,-6.88,112.21,74.93,85,56,7.94
240,30.76,20.23,79.68,52,0,18.01
241,63.44,-20.27,57.2,62,0,14.99
242,-17.0,145.43,57.99,66,94,1.66
243,69.53,31.17,68.0,60,40,4.7
244,-8.19,15.38,65.79,49,0,4.43
245,26.18,127.76,82.4,88,40,8.05
246,-31.43,-62.08,66.0,23,100,8.99
247,14.12,15.31,89.89,39,0,12.5
248,-4.28,-55.98,96.8,39,20,5.82
249,48.52,-53.08,59.09,95,95,3.56
250,-0.95,100.35,77.0,79,88,4.92
251,-20.32,118.57,51.8,66,92,5.82
252,68.82,-51.19,44.6,75,75,6.93
253,-6.22,155.63,78.24,80,100,2.44
254,60.72,-46.03,55.4,62,75,6.93
255,-28.77,114.6,57.2,93,90,3.36
256,45.32,55.2,77.72,23,14,11.77
257,-8.65,115.22,78.8,100,40,10.29
258,53.72,46.07,58.69,89,0,3.6
259,65.75,150.85,65.46,74,81,7.54
260,16.3,80.45,86.61,67,100,4.45
261,-31.41,-64.18,62.01,28,0,14.99
262,-41.41,175.52,48.99,81,1,11.41
263,-17.93,19.77,66.2,33,0,4.7
264,-5.2,-35.46,78.8,78,75,13.87
265,22.57,59.53,88.43,59,16,20.96
266,5.77,101.07,72.28,94,100,2.04
267,17.02,-25.06,82.4,58,75,23.04
268,-8.61,120.47,57.07,96,38,2.06
269,62.89,54.96,59.58,63,32,3.04
270,55.7,61.55,57.2,82,40,6.71
271,-6.22,-57.75,96.8,34,0,6.93
272,5.38,-52.95,82.71,76,35,6.02
273,54.94,20.15,60.8,87,40,4.47
274,49.28,120.73,64.67,72,6,6.93
275,3.08,-59.95,88.25,58,65,5.97
276,-21.36,55.77,69.8,88,96,4.7
277,22.79,100.97,63.07,94,0,1.12
278,29.05,-109.23,95.31,41,0,3.53
279,26.33,43.98,100.4,27,34,2.24
280,-28.45,18.73,63.59,27,0,11.52
281,41.49,-71.31,93.0,48,1,10.29
282,57.8,158.67,50.18,83,0,5.68
283,5.56,95.32,78.13,88,100,17.22
284,66.42,112.4,39.2,93,90,4.47
285,56.03,35.51,62.62,94,0,6.11
286,43.61,-116.39,91.4,27,1,4.7
287,70.63,147.92,43.32,69,100,1.32
288,18.45,-78.17,91.0,70,40,23.04
289,-30.18,-50.21,62.33,88,100,5.86
290,-33.4,25.44,59.0,67,0,12.75
291,-36.83,175.7,54.14,82,33,10.13
292,56.37,98.35,54.19,95,19,3.38
293,66.56,67.8,51.17,72,99,9.84
294,-34.62,-68.33,53.71,41,27,10.07
295,43.71,-98.03,84.2,37,1,3.36
296,58.3,-134.42,57.2,82,75,6.93
297,36.32,41.88,93.4,14,0,4.76
298,40.6,-124.16,64.0,77,1,4.0
299,63.73,8.83,64.4,59,94,13.87
300,59.8,30.67,68.0,52,74,8.95
301,42.78,-9.06,75.0,78,27,4.0
302,8.41,48.48,84.33,42,21,17.2
303,20.89,-156.47,84.2,54,20,21.92
304,67.63,134.63,48.02,81,95,5.64
305,-1.2,-46.02,83.93,68,30,10.96
306,7.42,81.82,79.11,76,100,7.16
307,32.38,-64.68,87.8,66,40,10.29
308,39.05,-27.98,74.59,84,0,6.02
309,19.05,-104.32,89.6,66,75,5.82
310,50.78,121.52,62.26,85,1,2.86
311,27.51,-99.51,89.6,66,75,11.41
312,-30.86,30.37,62.28,70,100,10.96
313,34.64,-120.46,66.99,82,1,9.17
314,-3.43,10.66,72.72,85,19,5.7
315,-26.4,-54.63,75.78,65,88,1.48
316,49.78,-74.85,78.8,69,75,3.36
317,-22.45,18.97,60.8,25,0,2.24
318,-51.62,-69.22,39.2,69,40,21.92
319,37.93,14.09,79.0,36,0,1.99
320,67.54,133.38,49.08,81,95,7.49
321,58.52,-117.14,80.6,57,20,14.99
322,-8.1,156.84,80.92,78,100,4.72
323,37.68,-113.06,73.4,53,75,10.29
324,-15.33,28.68,55.45,50,0,5.44
325,-4.59,15.17,73.4,78,0,5.95
326,16.6,-22.9,80.6,65,75,14.99
327,14.73,-6.12,91.76,48,0,4.61
328,-7.96,38.97,72.25,82,1,6.51
329,-28.78,32.04,61.29,75,85,2.77
330,17.93,73.9,71.96,88,100,4.54
331,8.15,35.53,55.13,100,100,1.39
332,60.12,64.78,55.51,70,7,5.66
333,-28.45,21.26,55.4,30,0,3.36
334,51.71,143.23,49.82,95,2,6.31
335,5.56,120.77,83.1,75,100,7.16
336,-9.66,120.26,71.13,83,99,10.45
337,-38.33,141.6,48.13,83,2,4.61
338,-7.33,-75.02,88.29,51,62,1.99
339,52.03,76.92,60.8,93,36,6.71
340,70.66,23.68,68.0,52,93,20.8
341,16.45,-85.85,83.71,78,60,21.97
342,-17.71,-39.25,75.25,72,0,5.86
343,4.75,-6.64,74.53,82,72,8.1
344,1.57,30.25,64.92,91,100,2.64
345,63.05,179.32,63.36,65,0,6.8
346,0.39,9.45,78.8,83,40,9.17
347,29.97,32.53,80.31,58,0,12.68
348,66.15,-65.71,60.8,67,75,23.04
349,-5.45,-42.37,91.4,29,20,8.05
350,3.17,113.03,77.0,94,40,5.82
351,-7.38,108.21,70.41,90,100,1.57
352,-0.9,-89.62,73.4,73,20,16.11
353,25.36,55.4,100.4,44,3,3.36
354,8.37,-4.43,74.26,92,22,3.69
355,20.35,-74.5,85.93,68,87,11.1
356,-3.77,-70.38,89.6,62,40,4.7
357,26.35,127.87,82.4,94,20,5.82
358,25.75,-1.0,105.35,15,100,8.21
359,33.6,56.92,93.2,15,0,4.7
360,34.17,77.58,65.14,34,23,4.81
361,56.21,15.28,62.6,93,100,5.82
362,13.77,109.23,79.65,85,93,4.72
363,51.58,113.03,62.6,93,40,2.24
364,-26.58,148.78,44.53,62,0,10.07
365,56.27,91.08,53.55,93,17,2.24
366,37.02,-93.21,84.0,79,100,1.99
367,11.28,-15.83,80.15,83,100,21.65
368,-14.25,129.55,65.66,29,57,13.89
369,16.89,-24.98,82.4,58,75,23.04
370,50.63,-96.99,77.0,85,0,4.0
371,42.43,130.64,65.43,97,100,6.17
372,-22.96,14.51,71.6,28,0,8.05
373,3.82,117.25,73.99,97,100,1.54
374,34.77,111.18,73.06,87,0,7.11
375,45.51,-73.59,84.99,70,75,16.11
376,-28.64,-53.61,75.2,64,3,4.7
377,29.37,-94.97,90.0,79,90,11.41
378,22.2,-84.09,90.03,65,48,10.92
379,14.1,-1.63,94.37,39,42,7.78
380,62.0,132.43,61.52,93,100,2.44
381,-43.25,-65.31,47.08,51,74,21.23
382,61.36,63.58,57.74,56,56,5.88
383,31.76,25.09,75.2,84,0,13.06
384,-20.78,117.13,66.02,27,92,8.7
385,-35.62,174.5,55.0,3,66,5.01
386,42.9,133.91,63.01,85,27,8.32
387,46.32,-78.7,79.0,88,90,9.17
388,-37.83,140.77,37.4,93,0,4.7
389,-41.87,-73.82,54.0,87,75,5.82
390,54.72,158.62,57.29,87,0,1.5
391,-23.7,133.88,39.2,64,0,3.36
392,12.98,77.6,71.6,100,40,3.36
393,-14.55,-49.97,90.36,25,0,7.07
394,10.26,-85.59,87.8,70,40,6.93
395,-11.33,-74.53,89.78,36,23,1.19
396,-8.35,113.61,70.79,86,7,3.09
397,24.09,32.91,99.5,11,24,18.57
398,49.53,-96.68,78.01,43,0,17.0
399,16.98,-89.9,96.78,41,64,4.92
400,67.45,153.68,54.64,61,39,9.33
401,-16.1,167.42,77.0,88,75,6.93
402,50.73,129.29,65.97,92,0,6.08
403,-24.13,19.12,54.91,36,0,9.78
404,19.93,-105.25,90.46,54,94,7.36
405,35.02,25.68,84.99,34,0,8.01
406,48.81,103.53,55.78,76,0,2.37
407,-34.0,24.73,57.0,68,0,1.01
408,35.13,140.3,78.8,94,75,10.29
409,-35.35,150.47,57.2,100,90,25.28
410,44.93,130.53,62.56,90,2,1.61
411,50.57,123.72,64.83,85,49,1.9
412,52.29,85.41,57.76,80,0,3.69
413,50.25,-117.8,77.0,44,0,4.0
414,-35.72,150.18,55.0,100,100,4.0
415,12.87,11.05,82.87,59,99,3.44
416,37.4,136.9,75.02,93,100,15.03
417,10.0,-83.03,87.8,66,66,12.75
418,23.27,76.15,81.93,71,99,9.55
419,40.78,44.97,69.48,68,0,3.29
420,11.03,-63.86,82.71,75,47,8.5
421,-3.2,-52.21,93.2,38,75,3.36
422,50.67,-120.32,82.4,42,20,4.7
423,19.39,-99.17,73.4,43,75,6.93
424,50.53,-103.67,77.0,39,0,1.01
425,52.79,6.12,69.01,85,100,5.99
426,45.02,40.23,70.75,69,68,9.22
427,58.45,92.17,51.26,88,0,1.66
428,44.63,16.79,73.4,56,0,2.24
429,-8.84,13.23,73.4,83,20,9.17
430,38.73,-27.07,78.8,74,20,3.11
431,51.13,93.6,55.08,61,100,1.03
432,-20.33,-40.29,79.0,61,20,10.29
433,-29.47,149.85,48.2,76,90,5.82
434,-12.58,13.41,68.41,86,6,1.59
435,23.99,-104.67,69.01,77,90,9.17
436,20.45,121.97,84.78,75,100,5.03
437,-23.58,148.88,49.91,53,0,6.73
438,-41.17,146.35,46.99,69,7,3.0
439,7.53,-12.51,76.96,79,65,11.43
440,-23.53,148.17,46.4,57,0,6.93
441,1.74,98.78,75.85,82,53,2.98
442,62.14,65.39,52.63,71,93,4.18
443,51.47,140.78,58.89,91,100,5.5
444,34.98,139.87,78.8,94,75,10.29
445,27.04,14.43,90.27,15,0,15.68
446,35.63,111.36,73.53,78,0,2.42
447,-13.88,167.55,80.6,88,90,11.41
448,38.51,115.0,71.6,94,19,4.47
449,-31.47,19.78,55.62,37,0,6.17
450,42.09,11.8,75.99,43,0,3.74
451,26.59,101.71,68.81,69,5,1.3
452,-28.65,153.62,59.0,54,90,18.34
453,26.28,94.83,72.43,84,100,2.24
454,42.33,142.37,62.98,82,99,4.7
455,-19.55,169.27,73.96,78,100,17.43
456,-8.77,160.7,77.49,87,39,3.83
457,39.32,141.53,66.06,92,100,2.91
458,53.45,89.53,51.49,86,24,0.43
459,36.85,-75.98,97.0,56,20,5.01
460,36.62,-121.92,66.2,68,40,6.93
461,31.86,117.28,75.0,100,90,2.24
462,60.14,-45.24,46.6,91,100,7.58
463,12.22,4.38,83.55,65,100,2.8
464,-19.53,-54.04,92.1,17,100,7.67
465,56.32,38.7,61.38,94,4,4.94
466,33.08,-16.33,73.4,69,40,13.87
467,39.6,-110.81,89.6,19,1,4.7
468,36.3,59.61,82.4,26,0,4.7
469,24.63,-101.42,58.78,96,100,8.77
470,12.88,10.45,81.21,60,99,3.42
471,34.88,-76.9,93.2,63,20,13.87
472,-2.22,-80.97,69.13,85,11,13.06
473,-24.85,152.35,55.0,76,12,8.05
474,49.9,24.31,66.2,82,100,4.47
475,71.04,27.85,62.6,63,0,2.24
476,9.27,-3.0,75.92,83,100,4.56
477,28.46,119.91,75.87,88,100,2.66
478,25.75,75.38,89.82,55,86,9.35
479,27.27,31.15,89.6,29,0,10.29
480,13.19,124.13,83.37,75,100,2.3
481,-1.41,-51.64,92.97,41,30,3.71
482,61.47,-6.81,50.49,93,97,19.86
483,33.96,-83.38,96.01,39,40,5.95
484,52.98,84.68,56.79,80,78,1.74
485,27.32,103.72,58.3,64,0,2.37
486,-28.48,-48.78,64.2,90,100,10.54
487,-3.14,142.35,76.21,85,41,5.1
488,59.86,38.38,59.0,100,0,1.74
489,35.99,119.4,67.12,95,1,4.03
490,-8.62,122.21,75.85,78,75,9.42
491,-15.77,128.73,64.4,34,13,5.82
492,49.87,-99.36,75.2,53,20,14.99
493,53.02,45.95,70.0,45,0,4.47
494,51.23,-58.65,67.82,62,88,11.39
495,54.77,-101.86,75.2,41,40,13.87
496,31.34,69.45,86.56,41,0,9.62
497,-15.2,12.15,66.78,79,0,7.58
498,26.56,31.75,95.0,23,0,12.75
499,12.16,-61.73,87.8,70,40,19.46
500,-3.38,-57.72,96.73,34,41,0.43
501,55.22,56.14,56.48,85,0,6.64
502,57.82,114.0,62.28,87,100,0.6
503,39.47,-118.78,89.6,14,75,8.05
504,30.34,48.3,98.6,53,94,4.7
505,12.5,102.5,77.81,88,90,1.3
506,-4.88,-66.9,88.81,49,98,2.17
507,5.65,37.37,59.61,94,100,2.48
508,-0.87,14.82,83.52,50,72,4.54
509,42.8,93.45,86.09,14,18,8.52
510,34.37,107.36,76.62,52,88,2.75
511,-12.12,-73.0,84.27,49,0,4.9
512,43.32,145.57,56.97,93,61,7.76
513,68.12,13.5,60.8,82,75,3.36
514,49.49,105.92,59.94,79,1,1.19
515,7.13,40.7,60.55,93,97,9.1
516,29.7,-91.21,80.01,88,90,4.7
517,53.51,142.97,51.39,96,3,6.78
518,29.46,-95.05,90.0,55,90,5.82
